5 1
6 1
10 4
16 3
5 2
6 3
7 4
7 9
12 1
14 3
15 3
16 2
6 1
9 1
9 3
9 7
9 10
5 19
5 20
5 14
6 19
11 11
11 16
3 2
2 2
2 4
2 6
2 8
2 10
2 12
2 14
2 16
2 18
3 3 
3 4
3 6
3 8
3 10
3 12
3 14
3 16
3 18
3 20
6 11
6 13
6 15
6 17
8 8
8 10
8 11
8 12
8 14
8 16
3 7 
10 5
15 9
21 14 
21 5 
8 13 
11 4 
3 24 
19 23 
9 13 
1 23 
12 17 
3 7 
7 12 
17 1
3 14 
7 20 
5 23 
3 5 
3 4 
3 15 
10 16 
7 15 
3 15 
16 3 
4 21 
14 5 
16 2 
15 1 
13 6
14 9 
17 5 
10 20 
15 16 
7 9 
6 17 
5 4 
1 5 
21 18 
9 5 
6 5
9 18 
11 12 
3 19 
13 10 
20 8 
8 6 
21 10 
17 18 
12 11 
12 12 
4 7 
22 2 
12 23 
11 11 
11 9 
6 5 
23 21 
2 22 
10 11 
11 13 
3 8 
1 14 
4 12 
24 23 
8 4
6 28 
11 27 
13 13 
13 19 
11 13 
18 15 
26 12 
19 17 
27 20 
23 7 
16 27 
16 15 
6 25